20121000290 边达宇 75.000000 60.000000 65.000000
20121000553 高佳维 86.000000 93.000000 90.000000
20121000570 初国利 85.000000 87.000000 85.000000
20121000584 利振彬 70.000000 88.000000 88.000000
20121000818 孟珂 90.000000 86.000000 96.000000
20121000921 罗云迪 86.000000 90.000000 75.000000
20121001121 田甜 95.000000 85.000000 87.000000
20121001248 王如男 90.000000 89.000000 94.000000
20121001316 邵叶飞 80.000000 84.000000 86.000000
20121001375 周晨曦 87.000000 86.000000 90.000000
20121001695 王洪 96.000000 88.000000 91.000000
20121001842 尹笛露 85.000000 90.000000 94.000000
20121002002 刘宇坤 88.000000 86.000000 90.000000
20121002152 尹然宇 82.000000 90.000000 88.000000
20121002162 孙史磊 80.000000 94.000000 80.000000
20121002321 于文涛 88.000000 90.000000 86.000000
20121002439 景揭俊 85.000000 92.000000 85.000000
20121002585 戴贤铎 88.000000 86.000000 78.000000
20121002685 曹厚臻 90.000000 87.000000 90.000000
20121002775 马晴 93.000000 85.000000 90.000000
20121003127 冯泽宇 80.000000 89.000000 75.000000
20121003358 王寒 88.000000 90.000000 90.000000
20121003359 张赓 87.000000 95.000000 84.000000
20121003398 刘剑峰 88.000000 84.000000 86.000000
20121003399 龚方怡 90.000000 93.000000 96.000000
20121004233 王国栋 88.000000 90.000000 86.000000
20121004415 孙一卓 86.000000 95.000000 90.000000
2104240329 刘明达 111.000000 111.000000 11.000000
